102747
106868
307455
307456
418537
1299611
1572982
1621890
1794619
2749110
4045253
4067737
6138602
6352735
6827145
7029731
7431486
7441205
7547435
8237108
8257297
8482365
8551825
8553543
8622982
8625857
8678836
8800793
8800795
8800808
8837880
8935292
8938109
8969248
9035363
9278604
9405687
9427604
9448698
9461435
9499027
9525641
9576958
9600912
9614872
24284388
24333483
24367715
24461913
24462697
24473128
25426834
25445348
25457751
25473056
25473261
25481284
25481298
25493109
25494457
25495064
25496121
25501666
25512227
25514385
25522088
25522089
25522340
25523781
25530596
25531344
25532798
25534190
25535021
25540891
25544306
25547682
25552710
25565430
25566687
36279832
36303436
36310868
36331778
36352100

36370717
36379378
36516078
36560788
37047270
37061918
37099841
37184428
37196593
37279544
37290053
37386692
37515275
37544326
37562033
37654044
37656725
37661067
37691146
37834238
37858466
37858585
37880247
37896854
37938974
37981473
37992432
38020355
38035334